,open,high,low,close,data_magnitude,data_magnitude_exp_1,data_magnitude_exp_inv_1,data_magnitude_pow_1,data_magnitude_exp_2,data_magnitude_exp_inv_2,data_magnitude_pow_2,data_magnitude_exp_3,data_magnitude_exp_inv_3,data_magnitude_pow_3,data_magnitude_exp_4,data_magnitude_exp_inv_4,data_magnitude_pow_4,data_magnitude_exp_5,data_magnitude_exp_inv_5,data_magnitude_pow_5,data_magnitude_exp_6,data_magnitude_exp_inv_6,data_magnitude_pow_6,data_magnitude_exp_7,data_magnitude_exp_inv_7,data_magnitude_pow_7,data_magnitude_exp_8,data_magnitude_exp_inv_8,data_magnitude_pow_8,data_magnitude_exp_9,data_magnitude_exp_inv_9,data_magnitude_pow_9,data_magnitude_exp_10,data_magnitude_exp_inv_10,data_magnitude_pow_10,data_magnitude_exp_11,data_magnitude_exp_inv_11,data_magnitude_pow_11,data_magnitude_exp_12,data_magnitude_exp_inv_12,data_magnitude_pow_12,data_magnitude_exp_13,data_magnitude_exp_inv_13,data_magnitude_pow_13,data_magnitude_exp_14,data_magnitude_exp_inv_14,data_magnitude_pow_14,data_magnitude_exp_15,data_magnitude_exp_inv_15,data_magnitude_pow_15,data_magnitude_exp_16,data_magnitude_exp_inv_16,data_magnitude_pow_16,data_magnitude_exp_17,data_magnitude_exp_inv_17,data_magnitude_pow_17,data_magnitude_exp_18,data_magnitude_exp_inv_18,data_magnitude_pow_18,data_magnitude_exp_19,data_magnitude_exp_inv_19,data_magnitude_pow_19
open,1.0,0.9995414639387166,0.9995313494660408,0.9992983611046194,0.9997859170365987,0.23801100078980905,-0.25793605527153307,0.9997859170365987,0.13520648489523068,-0.16604089646253553,0.9888342619703872,0.09724304003031857,-0.13788889769676207,0.961797175104212,0.0769900650259503,-0.12320901871770934,0.9252966945630631,0.06559287307900044,-0.11307913765869619,0.8840176665686054,0.05860097589191883,-0.10515373048879147,0.8411769987958212,0.05389804188309875,-0.09861525836748064,0.7987644968010021,0.050489991440467376,-0.09308024120289261,0.7578228068017399,0.04788655519384052,-0.08831977927199904,0.7187709278476446,0.0,-0.08417548560140715,0.6816868978376998,0.0,-0.08052921559644131,0.6465042275388337,0.0,-0.0772897305424038,0.6131240030664092,0.0,-0.07438548046656175,0.5814652920541773,0.0,-0.07175997363800364,0.551478182902889,0.0,-0.06936845544154432,0.5231381810932578,0.0,-0.06717537962299135,0.49643407005110796,0.0,-0.06515243009896438,0.4713559477458946,0.0,-0.06327695866226916,0.44788640694467824,0.0,-0.061530749961835,0.4259955470237744
high,0.9995414639387166,1.0,0.9992565558296067,0.9996780459231356,0.9998185935555112,0.23819059856411992,-0.25728498690173085,0.9998185935555112,0.13531965699974147,-0.16565340183123856,0.9890034707178941,0.09738629523833843,-0.1375800163515966,0.9620633361162364,0.07718364815906889,-0.12294446284485434,0.9256301137106693,0.06583091197702147,-0.11284811268319671,0.8843973758644618,0.05887198518971721,-0.10495039803348334,0.8415881517103732,0.05419181243879494,-0.09843543091861112,0.7991961527374271,0.050798870770589796,-0.09292059580322067,0.75826649541427,0.04820512126306575,-0.0881775912284628,0.7192198463732584,0.0,-0.08404849387438905,0.682135498604462,0.0,-0.08041553141486782,0.6469480073601332,0.0,-0.07718776671325146,0.6135593806605181,0.0,-0.07429389466538247,0.5818895146869728,0.0,-0.07167762277426935,0.5518892366263808,0.0,-0.06929435910548612,0.5235346967695856,0.0,-0.06710869092722858,0.49681522589947597,0.0,-0.06509241245606635,0.47172137243453954,0.0,-0.06322296727102045,0.4482360876966444,0.0,-0.061482216999985954,0.4263297462888529
low,0.9995313494660408,0.9992565558296067,1.0,0.9996132370541554,0.9997850843153195,0.23792734764635512,-0.2583703454270036,0.9997850843153195,0.13498356541787698,-0.16622040895931353,0.9888416975221958,0.09704769468739623,-0.1380176307037974,0.9618519376593062,0.07686629635859235,-0.12331771546664168,0.9254140614345674,0.0655442270051272,-0.11317475013559991,0.8841959183400215,0.05861672960187316,-0.10523917345211602,0.8414054639849847,0.05396433568147,-0.09869247784301526,0.7990295689618033,0.05059406347733267,-0.09315078282496805,0.7581113314594512,0.04801796049286405,-0.0883849174332779,0.7190716224020062,0.0,-0.08423627262389631,0.6819906646610819,0.0,-0.08058651672170787,0.6468039799628938,0.0,-0.07734425501586206,0.6134143433834327,0.0,-0.0744378091488059,0.5817421901991819,0.0,-0.0718105826537499,0.5517387039007446,0.0,-0.06941773583558232,0.5233802660627762,0.0,-0.06722365338517672,0.49665636157883375,0.0,-0.06519996308995919,0.47155764887064966,0.0,-0.06332397099118664,0.4480671653624944,0.0,-0.061577424313250244,0.42615535887648287
close,0.9992983611046194,0.9996780459231356,0.9996132370541554,1.0,0.999839665683031,0.23805940333019815,-0.25787102960705327,0.999839665683031,0.13519075077670606,-0.16599015831639158,0.9889440499954578,0.0972434408471848,-0.13784770521980638,0.9619575161614352,0.07705064664822245,-0.12317325188719422,0.9254978236069741,0.06571846859622438,-0.11304707675464057,0.8842481163780571,0.05878125410805336,-0.10512463184083509,0.84142565207772,0.05412007152339226,-0.09858868958358996,0.7990217775162312,0.05074245537578091,-0.09305587161375274,0.7580811102471438,0.04816059803929214,-0.08829732505315305,0.7190245786468192,0.0,-0.08415469859077229,0.6819318946134502,0.0,-0.0805098813643785,0.6467379312468265,0.0,-0.07727166674604473,0.6133448415423473,0.0,-0.07436853406071786,0.5816725052450289,0.0,-0.0717440173205624,0.5516716119279,0.0,-0.06935338388790893,0.5233180970745424,0.0,-0.0671611058880038,0.4966010372840723,0.0,-0.06513888238233263,0.471510716173697,0.0,-0.06326407751045145,0.4480298295089958,0.0,-0.06151848590894726,0.4261285179123784
data_magnitude,0.9997859170365987,0.9998185935555112,0.9997850843153195,0.999839665683031,1.0,0.23809398272431112,-0.2579115504706387,1.0,0.13520161751477175,-0.1660070096198737,0.9890959162368637,0.09724879003933343,-0.13785943200820885,0.9621015459986011,0.07703724678165252,-0.12318437771682322,0.9256359265991452,0.0656839117133,-0.1130587460988978,0.8843824697717393,0.058728606143023,-0.10513706661436023,0.841558135780445,0.05405346667890277,-0.09860189898641618,0.7991537294944864,0.05066554117975351,-0.09306983455786191,0.7582132807763029,0.04807621862243426,-0.08831202590442594,0.719157190671474,0.0,-0.08417012731708186,0.6820647501962098,0.0,-0.08052602824520975,0.6468705299799534,0.0,-0.07728851853494806,0.6134764930322772,0.0,-0.07438607228985267,0.5818024267237292,0.0,-0.07176221811748612,0.5517990069536983,0.0,-0.0693722186313203,0.5234422142981747,0.0,-0.06718054223269684,0.49672121031322597,0.0,-0.06515888537259255,0.4716263869422764,0.0,-0.06328461063110806,0.44814055830505506,0.0,-0.06153951200319437,0.4262339834138448
data_magnitude_exp_1,0.23801100078980905,0.23819059856411992,0.23792734764635512,0.23805940333019815,0.23809398272431112,1.0,-0.014697859071740255,0.23809398272431112,0.9079998383587726,-0.008490827270255017,0.2863769316470252,0.7817566051540958,-0.006904380225071695,0.3369996119420462,0.6894750480709926,-0.006121439422557825,0.3887117500442189,0.6273735503632656,-0.005596055800655217,0.44029218948430554,0.583659325092224,-0.005190905224229103,0.4908321637893484,0.5509764110156108,-0.004859434603225524,0.5397432218786576,0.5253911369946445,-0.0045803741246533665,0.5866373608766268,0.0,-0.004341325707401262,0.6312168169908633,0.0,-0.0041338702585768635,0.6732207861670487,0.0,-0.0039518137043915305,0.7124193585992743,0.0,-0.003790419422169415,0.7486299948370801,0.0,-0.00364599889008833,0.7817367933681666,0.0,-0.003515654513239331,0.8117019924659153,0.0,-0.0033970991331324935,0.8385666271567113,0.0,-0.0032885211122901333,0.8624417934000305,0.0,-0.0031884802817265683,0.8834939399009496,0.0,-0.003095826619986905,0.9019278145168742,,-0.003009636452574269,0.9179699421541749
data_magnitude_exp_inv_1,-0.25793605527153307,-0.25728498690173085,-0.2583703454270036,-0.25787102960705327,-0.2579115504706387,-0.014697859071740255,1.0,-0.2579115504706387,-0.007819265868721543,0.9374570780092041,-0.18915111915660207,-0.0055417012700777115,0.871811026714624,-0.1441163687731784,-0.004354573145090025,0.8189937001538001,-0.11496436364755583,-0.0036946781794919416,0.7737271854121875,-0.09570719722391034,-0.003293724156810979,0.7339240771002566,-0.08244018613336664,-0.0030259923775060047,0.6986591156041436,-0.07280778442979237,-0.0028329334635774587,0.6673110874407074,-0.06543563256401652,-0.002685902900988403,0.6393490025418191,-0.0595246208748464,-0.0,0.6142936543777535,-0.05460251641178694,-0.0,0.5917179528072054,-0.05038273016647508,-0.0,0.5712507668632231,-0.04668612083435257,-0.0,0.5525769827277329,-0.04339746002621234,-0.0,0.5354338322232354,-0.04044053188415664,-0.0,0.5196050044525967,-0.03776336242782113,-0.0,0.5049139078091175,-0.035329160589586774,-0.0,0.49121699360849863,-0.03311064468207247,-0.0,0.47839764914927213,-0.03108647236840747,-0.0,0.4663608869915648,-0.02923901885631272
data_magnitude_exp_2,0.13520648489523068,0.13531965699974147,0.13498356541787698,0.13519075077670606,0.13520161751477175,0.9079998383587726,-0.007819265868721543,0.13520161751477175,1.0,-0.004517122864050642,0.16617320894158247,0.9657694367589013,-0.00367313252064988,0.20003610752640455,0.9131647877663488,-0.0032566077595304853,0.23606882894485037,0.8669464054107293,-0.0029771035021392963,0.2734666596800076,0.8286393172117515,-0.0027615632639773928,0.31154896457309084,0.7966843231023939,-0.002585220786018359,0.3498008388636688,0.0,-0.0024367605208453864,0.3878218280317109,0.0,-0.0023095866852815786,0.4252663514770411,0.0,-0.002199220319176061,0.4618125531091496,0.0,-0.002102366173262292,0.4971596443628989,0.0,-0.0020165043627391166,0.5310408437420575,0.0,-0.0019396725927999018,0.5632395046075152,0.0,-0.0018703293420131144,0.5936007274458788,0.0,-0.0018072578413192084,0.6220354134267517,0.0,-0.001749494298992247,0.6485169889596148,0.0,-0.001696272544664675,0.6730727703826096,,-0.0016469807665487907,0.6957724480601306,,-0.0016011275695126405,0.7167158964296299
data_magnitude_exp_inv_2,-0.16604089646253553,-0.16565340183123856,-0.16622040895931353,-0.16599015831639158,-0.1660070096198737,-0.008490827270255017,0.9374570780092041,-0.1660070096198737,-0.004517122864050642,1.0,-0.1171436947717131,-0.0032013933190618194,0.9839684381941278,-0.08671227542059545,-0.002515599577557514,0.9546222105437385,-0.06787720741590879,-0.002134383912688867,0.9218660123268066,-0.05589381133111516,-0.0019027562108493647,0.888956325919016,-0.047871485918900634,-0.0017480898569995794,0.8573317246747496,-0.04216043783720484,-0.0016365613773662098,0.8276092010075486,-0.037842220933411753,-0.0015516230817368087,0.799976113103682,-0.03440344539451077,-0.0,0.7743952191488096,-0.031550228634671065,-0.0,0.7507216270053406,-0.029108505755242885,-0.0,0.7287695378228198,-0.0269713622393778,-0.0,0.7083486638705564,-0.02507084679681859,-0.0,0.6892824032504379,-0.02336236683228785,-0.0,0.6714153855538884,-0.02181566638090488,-0.0,0.6546151329440075,-0.020409395932545808,-0.0,0.6387707123057405,-0.0191277551214027,-0.0,0.623790060654288,-0.017958397780631578,-0.0,0.6095969240296438,-0.016891135007189084
data_magnitude_pow_2,0.9888342619703872,0.9890034707178941,0.9888416975221958,0.9889440499954578,0.9890959162368637,0.2863769316470252,-0.18915111915660207,0.9890959162368637,0.16617320894158247,-0.1171436947717131,1.0,0.12017066356647604,-0.09642905764405325,0.9914751268088394,0.0954819993766793,-0.08587130375119087,0.9698267131795196,0.08155915919244631,-0.07867305447597554,0.9399589792483725,0.07300316158521865,-0.07307708395381027,0.9055660396399648,0.06723771177882779,-0.0684777084206696,0.8691849271905747,0.06305187269639424,-0.0645939573441064,0.832365515301249,0.05984845640243699,-0.061259854607294155,0.7959493134427269,0.0,-0.058361516461147483,0.7603483649971875,0.0,-0.05581452373963012,0.7257557425140001,0.0,-0.05355397506412411,0.6922752880282631,0.0,-0.051529137928948344,0.6599869883988354,0.0,-0.049700049725952176,0.6289707994536794,0.0,-0.048035104357166715,0.599308190642081,0.0,-0.046509230350023,0.571074629928809,0.0,-0.045102475008848925,0.5443307340043437,0.0,-0.04379889164541493,0.5191157623877658,0.0,-0.04258566299308773,0.49544455640934676
data_magnitude_exp_3,0.09724304003031857,0.09738629523833843,0.09704769468739623,0.0972434408471848,0.09724879003933343,0.7817566051540958,-0.0055417012700777115,0.09724879003933343,0.9657694367589013,-0.0032013933190618194,0.12017066356647604,1.0,-0.0026032371191897392,0.14550481385051972,0.986564396119677,-0.0023080360304427944,0.17276056502318624,0.9623149791033968,-0.0021099446591890795,0.20136764903993765,0.9367924994141105,-0.0019571861225700783,0.230831202602242,0.0,-0.0018322079787836045,0.2607675964587979,0.0,-0.0017269906279663238,0.29087056809551165,0.0,-0.0016368594803784187,0.3208690438328353,0.0,-0.0015586401895302804,0.35050467566004784,0.0,-0.00148999733322904,0.3795302607055486,0.0,-0.0014291450086753666,0.4077201022053116,0.0,-0.0013746924904737149,0.4348832080081331,0.0,-0.0013255472654106547,0.46087341408526394,0.0,-0.0012808469800692321,0.4855938940224493,0.0,-0.0012399085721365435,0.5089959924842319,,-0.0012021890382958103,0.5310737143215642,,-0.0011672547728586737,0.5518556820132179,,-0.0011347575123087164,0.571396245214342
data_magnitude_exp_inv_3,-0.13788889769676207,-0.1375800163515966,-0.1380176307037974,-0.13784770521980638,-0.13785943200820885,-0.006904380225071695,0.871811026714624,-0.13785943200820885,-0.00367313252064988,0.9839684381941278,-0.09642905764405325,-0.0026032371191897392,1.0,-0.07095742915578007,-0.002045578766696166,0.9917718836022675,-0.05535562410535625,-0.0017355903740504544,0.9736908834326692,-0.04550581011678105,-0.0015472405615887975,0.9512748026979954,-0.03894547251921594,-0.0014214724496126668,0.9272609864917661,-0.03428905513492648,-0.0013307822253594518,0.9030916642721157,-0.030773594955004924,-0.0012617140097464215,0.8795094212470319,-0.02797602354913547,-0.0,0.856863202837759,-0.025655495702512614,-0.0,0.8352829118754937,-0.023669860492720865,-0.0,0.8147819668138464,-0.021931985399148656,-0.0,0.7953169890422039,-0.020386554124316156,-0.0,0.7768214714177283,-0.018997286699239606,-0.0,0.7592238088682726,-0.017739574263813764,-0.0,0.7424561522519554,-0.016596054421802134,-0.0,0.726458061636954,-0.015553878391835833,-0.0,0.7111773582179611,-0.014603006605066486,-0.0,0.6965695869043982,-0.013735153816454302
data_magnitude_pow_3,0.961797175104212,0.9620633361162364,0.9618519376593062,0.9619575161614352,0.9621015459986011,0.3369996119420462,-0.1441163687731784,0.9621015459986011,0.20003610752640455,-0.08671227542059545,0.9914751268088394,0.14550481385051972,-0.07095742915578007,1.0,0.11599171657584137,-0.06304890983438297,0.9931472339713393,0.0992759503057889,-0.05769889781661555,0.9755439991482073,0.08896831313725095,-0.05355661764843391,0.9509698739361179,0.08200339618454422,-0.05016003137050151,0.9222381560220535,0.07693633452004565,-0.047296362579890484,0.8912369038660718,0.0730528372978637,-0.04484074828816154,0.8591332696734569,0.0,-0.04270796350615621,0.8266218643526567,0.0,-0.04083507655564689,0.7941302106755112,0.0,-0.03917383902820945,0.7619542187972725,0.0,-0.037686610038661965,0.7303317798461925,0.0,-0.03634378135167045,0.69947380090174,0.0,-0.03512196014567702,0.6695710877773078,0.0,-0.034002604216391064,0.6407905383368915,0.0,-0.03297096555852147,0.6132689065460702,0.0,-0.03201526252170391,0.5871082899246658,0.0,-0.0311260290621775,0.5623747523263666
data_magnitude_exp_4,0.0769900650259503,0.07718364815906889,0.07686629635859235,0.07705064664822245,0.07703724678165252,0.6894750480709926,-0.004354573145090025,0.07703724678165252,0.9131647877663488,-0.002515599577557514,0.0954819993766793,0.986564396119677,-0.002045578766696166,0.11599171657584137,1.0,-0.00181361484969641,0.1381944201897703,0.9934481029081177,-0.0016579580714815897,0.16164639711673615,0.0,-0.001537923051760882,0.1859572471340973,0.0,-0.0014397173849216586,0.2108207036143272,0.0,-0.0013570394079010478,0.23598907374332617,0.0,-0.0012862159088178778,0.26124007514563113,0.0,-0.0012247525410264582,0.28635896491943064,0.0,-0.0011708141701035498,0.31113740013733515,0.0,-0.0011229974644746607,0.3353821162478339,0.0,-0.001080209616143088,0.35892614067479167,0.0,-0.0010415921470957566,0.38163768721486674,0.0,-0.0010064674349113496,0.40342454923885285,,-0.0009742987410216213,0.4242338237714074,,-0.0009446593827988426,0.44404796846578604,,-0.000917208640382131,0.4628786305454316,,-0.0008916728543153697,0.48075962021383406
data_magnitude_exp_inv_4,-0.12320901871770934,-0.12294446284485434,-0.12331771546664168,-0.12317325188719422,-0.12318437771682322,-0.006121439422557825,0.8189937001538001,-0.12318437771682322,-0.0032566077595304853,0.9546222105437385,-0.08587130375119087,-0.0023080360304427944,0.9917718836022675,-0.06304890983438297,-0.00181361484969641,1.0,-0.04912588972532704,-0.001538778426240661,0.9946831232210461,-0.040361114430972095,-0.001371787048358086,0.9821993820688585,-0.034534049837402665,-0.0012602807503793339,0.9659418641865538,-0.03040225410371561,-0.0011798745885117558,0.9478492265461439,-0.027284387251352397,-0.001118638549344114,0.9290400385594182,-0.024803737757568455,-0.0,0.9101483622372478,-0.022746259317609055,-0.0,0.8915209972716309,-0.020985763605256596,-0.0,0.8733372693107144,-0.019444951836941896,-0.0,0.8556816470869761,-0.01807476672687117,-0.0,0.8385869981230519,-0.016843038413667136,-0.0,0.8220596776052511,-0.01572794749854602,-0.0,0.8060935678744637,-0.014714100123245455,-0.0,0.7906775494792311,-0.013790104439621252,-0.0,0.7757991785182646,-0.0129470593180056,-0.0,0.7614462558137373,-0.012177619034164089
data_magnitude_pow_4,0.9252966945630631,0.9256301137106693,0.9254140614345674,0.9254978236069741,0.9256359265991452,0.3887117500442189,-0.11496436364755583,0.9256359265991452,0.23606882894485037,-0.06787720741590879,0.9698267131795196,0.17276056502318624,-0.05535562410535625,0.9931472339713393,0.1381944201897703,-0.04912588972532704,1.0,0.11852653227223318,-0.04493011262869632,0.9944399480265176,0.10635425381111833,-0.04168877108909856,0.9800577158490301,0.09810540504040356,-0.03903431011919927,0.9597251176043196,0.09209124010797867,-0.03679817577720209,0.9355124262258686,0.08747472824255109,-0.0348818199370324,0.9088077160986553,0.0,-0.03321817087649327,0.8805202116983509,0.0,-0.03175780416294145,0.8512682152010144,0.0,-0.030462882809654056,0.8215114721660554,0.0,-0.02930391921257158,0.7916273690915023,0.0,-0.028257735865131476,0.7619458293346036,0.0,-0.02730603068916323,0.7327595703416273,0.0,-0.026434302464337468,0.7043228121170032,0.0,-0.025631020791620503,0.676846861042316,0.0,-0.024886976650601873,0.6504969987315365,0.0,-0.024194772458343748,0.6253923075565975
data_magnitude_exp_5,0.06559287307900044,0.06583091197702147,0.0655442270051272,0.06571846859622438,0.0656839117133,0.6273735503632656,-0.0036946781794919416,0.0656839117133,0.8669464054107293,-0.002134383912688867,0.08155915919244631,0.9623149791033968,-0.0017355903740504544,0.0992759503057889,0.9934481029081177,-0.001538778426240661,0.11852653227223318,0.0,-0.001406709981689056,0.1389375387361288,0.0,-0.0013048651502076264,0.16017772357793167,0.0,-0.0012215416366776223,0.18198547035610718,0.0,-0.0011513927363275857,0.20414763884546863,0.0,-0.0010913018782946263,0.2264714023224025,0.0,-0.00103915271091364,0.24876895452292305,0.0,-0.000993388197275626,0.27085658265876217,0.0,-0.0009528176676242303,0.29256230369649533,0.0,-0.0009165139188274089,0.3137358199636853,0.0,-0.0008837485672114554,0.3342565662303778,,-0.0008539466777162763,0.3540378970598657,,-0.0008266528495002487,0.3730272065436252,,-0.0008015050597098509,0.3912028044153069,,-0.0007782142214030817,0.40856877500873184,,-0.0007565481456631621,0.4251490081682701
data_magnitude_exp_inv_5,-0.11307913765869619,-0.11284811268319671,-0.11317475013559991,-0.11304707675464057,-0.1130587460988978,-0.005596055800655217,0.7737271854121875,-0.1130587460988978,-0.0029771035021392963,0.9218660123268066,-0.07867305447597554,-0.0021099446591890795,0.9736908834326692,-0.05769889781661555,-0.0016579580714815897,0.9946831232210461,-0.04493011262869632,-0.001406709981689056,1.0,-0.03690359557870559,-0.0012540509411686264,0.9962553073524758,-0.03157210577251672,-0.0011521148731076937,0.9871443508447101,-0.027793518894286814,-0.0010786097156662198,0.9748899441581558,-0.024942826477188876,-0.0010226293704343969,0.9608544288129333,-0.022674960397623047,-0.0,0.9458726320262607,-0.02079403384633887,-0.0,0.9304534325444459,-0.019184626119036926,-0.0,0.9149058544987819,-0.017776054631505896,-0.0,0.8994179289257422,-0.016523467412257554,-0.0,0.8841053754020459,-0.015397454216404982,-0.0,0.869041123533672,-0.014378067946049067,-0.0,0.8542728593002656,-0.01345123584365221,-0.0,0.8398332253197425,-0.012606543758946154,-0.0,0.8257456068528131,-0.011835854510366044,-0.0,0.8120273276902711,-0.011132452831789508
data_magnitude_pow_5,0.8840176665686054,0.8843973758644618,0.8841959183400215,0.8842481163780571,0.8843824697717393,0.44029218948430554,-0.09570719722391034,0.8843824697717393,0.2734666596800076,-0.05589381133111516,0.9399589792483725,0.20136764903993765,-0.04550581011678105,0.9755439991482073,0.16164639711673615,-0.040361114430972095,0.9944399480265176,0.1389375387361288,-0.03690359557870559,1.0,0.12483013561281887,-0.03423542352675991,0.9954635410335314,0.1152410970059569,-0.032051647104413473,0.9836068721897915,0.10823416033952409,-0.03021271791986006,0.9665555883788156,0.1028470096098817,-0.0286371924799683,0.9458220565783464,0.0,-0.027269715491208955,0.9224592679054322,0.0,-0.02606953561084287,0.8972248960255546,0.0,-0.025005476726318848,0.8707050284869701,0.0,-0.024053253919435094,0.8433889606586614,0.0,-0.023193785579046767,0.8157052831867831,0.0,-0.022412007686566735,0.7880337735353227,0.0,-0.02169598680988384,0.7607054430096802,0.0,-0.02103623559911822,0.7339990784327153,0.0,-0.020425177587362862,0.708138843675557,,-0.019856727166475557,0.6832947246997106
data_magnitude_exp_6,0.05860097589191883,0.05887198518971721,0.05861672960187316,0.05878125410805336,0.058728606143023,0.583659325092224,-0.003293724156810979,0.058728606143023,0.8286393172117515,-0.0019027562108493647,0.07300316158521865,0.9367924994141105,-0.0015472405615887975,0.08896831313725095,0.0,-0.001371787048358086,0.10635425381111833,0.0,-0.0012540509411686264,0.12483013561281887,0.0,-0.001163258518825022,0.14410097562099436,0.0,-0.0010889774431777472,0.16393290414357534,0.0,-0.0010264412447779567,0.18413458866315924,0.0,-0.0009728715693985254,0.20453210742174882,0.0,-0.0009263817361802148,0.2249552382300052,0.0,-0.0008855836810396407,0.24523664702677617,0.0,-0.0008494159481342769,0.26521883911396216,0.0,-0.0008170519563098858,0.28476327266185564,,-0.000787842367576829,0.30375780635858335,,-0.0007612746400023516,0.3221206868323364,,-0.0007369427937738281,0.3398008538941045,,-0.0007145240934977949,0.3567752828188394,,-0.0006937608245372516,0.3730444590972932,,-0.0006744459955910924,0.3886270585192435
data_magnitude_exp_inv_6,-0.10515373048879147,-0.10495039803348334,-0.10523917345211602,-0.10512463184083509,-0.10513706661436023,-0.005190905224229103,0.7339240771002566,-0.10513706661436023,-0.0027615632639773928,0.888956325919016,-0.07307708395381027,-0.0019571861225700783,0.9512748026979954,-0.05355661764843391,-0.001537923051760882,0.9821993820688585,-0.04168877108909856,-0.0013048651502076264,0.9962553073524758,-0.03423542352675991,-0.001163258518825022,1.0,-0.029287395239556976,-0.001068702551715054,0.9972329950435068,-0.02578160327777357,-0.0010005191169243533,0.9903263263504934,-0.023137072324521984,-0.0009485917100385141,0.9807933910448823,-0.021033333576556942,-0.0,0.9696055192528984,-0.019288566836765393,-0.0,0.9573886873678614,-0.017795674217116565,-0.0,0.9445497813515076,-0.01648908101861351,-0.0,0.9313575929933492,-0.015327179901762265,-0.0,0.9179941686386072,-0.014282689193099664,-0.0,0.9045869018062708,-0.013337105761450823,-0.0,0.8912283200887786,-0.01247737565736045,-0.0,0.8779881438287809,-0.011693838694878087,-0.0,0.8649205742031701,-0.010978946815422906,-0.0,0.8520686872318234,-0.010326470932648841
data_magnitude_pow_6,0.8411769987958212,0.8415881517103732,0.8414054639849847,0.84142565207772,0.841558135780445,0.4908321637893484,-0.08244018613336664,0.841558135780445,0.31154896457309084,-0.047871485918900634,0.9055660396399648,0.230831202602242,-0.03894547251921594,0.9509698739361179,0.1859572471340973,-0.034534049837402665,0.9800577158490301,0.16017772357793167,-0.03157210577251672,0.9954635410335314,0.14410097562099436,-0.029287395239556976,1.0,0.13313981734879363,-0.027417920172992667,0.9962515969041942,0.12511201867342953,-0.02584390181805346,0.9863059409453568,0.11892999744723294,-0.02449548869204068,0.9717199530368561,0.0,-0.02332523133947036,0.9536262771739467,0.0,-0.022298212442356344,0.9328716836141554,0.0,-0.021387726508688445,0.9101294222433957,0.0,-0.020572975094786276,0.8859701562743271,0.0,-0.019837618309933417,0.8608973817658427,0.0,-0.019168757883136642,0.8353596154642405,0.0,-0.018556176800159526,0.8097507955802361,0.0,-0.01799175275513784,0.784407007363394,0.0,-0.017468999670182273,0.7596041459843552,,-0.016982707953424037,0.7355584098642504
data_magnitude_exp_7,0.05389804188309875,0.05419181243879494,0.05396433568147,0.05412007152339226,0.05405346667890277,0.5509764110156108,-0.0030259923775060047,0.05405346667890277,0.7966843231023939,-0.0017480898569995794,0.06723771177882779,0.0,-0.0014214724496126668,0.08200339618454422,0.0,-0.0012602807503793339,0.09810540504040356,0.0,-0.0011521148731076937,0.1152410970059569,0.0,-0.001068702551715054,0.13313981734879363,0.0,-0.0010004594451280993,0.15158650279030167,0.0,-0.0009430065284092745,0.17040477334639242,0.0,-0.0008937912870454084,0.18943383333527758,0.0,-0.0008510803998392633,0.2085158261190814,0.0,-0.000813598632090963,0.22749509348455202,0.0,-0.0007803708088511725,0.2462246417618593,,-0.0007506375379688337,0.2645746505426654,,-0.0007238022631710637,0.28243947317960894,,-0.0006993941047156177,0.2997414486518972,,-0.0006770400830330618,0.31643129926366204,,-0.0006564436964143016,0.3324857655089865,,-0.000637368178667425,0.3479034852006137,,-0.0006196233638678434,0.3627001095673997
data_magnitude_exp_inv_7,-0.09861525836748064,-0.09843543091861112,-0.09869247784301526,-0.09858868958358996,-0.09860189898641618,-0.004859434603225524,0.6986591156041436,-0.09860189898641618,-0.002585220786018359,0.8573317246747496,-0.0684777084206696,-0.0018322079787836045,0.9272609864917661,-0.05016003137050151,-0.0014397173849216586,0.9659418641865538,-0.03903431011919927,-0.0012215416366776223,0.9871443508447101,-0.032051647104413473,-0.0010889774431777472,0.9972329950435068,-0.027417920172992667,-0.0010004594451280993,1.0,-0.02413549382619634,-0.0009366299340744637,0.9978811450223607,-0.021659686883376595,-0.0008880184054535917,0.9924769302056105,-0.019690243646518158,-0.0,0.9848477644655252,-0.018056879556402675,-0.0,0.9757015967517979,-0.016659314116232487,-0.0,0.9655170701286734,-0.01543615397852933,-0.0,0.9546242178832351,-0.01434844705092813,-0.0,0.9432567104065993,-0.013370653323080411,-0.0,0.9315852461066656,-0.012485451085688567,-0.0,0.9197386643784704,-0.011680619933018836,-0.0,0.9078172031106649,-0.010947116532677638,-0.0,0.8959008095520473,-0.01027787481324407,-0.0,0.8840543807947666,-0.009667063452638746
data_magnitude_pow_7,0.7987644968010021,0.7991961527374271,0.7990295689618033,0.7990217775162312,0.7991537294944864,0.5397432218786576,-0.07280778442979237,0.7991537294944864,0.3498008388636688,-0.04216043783720484,0.8691849271905747,0.2607675964587979,-0.03428905513492648,0.9222381560220535,0.2108207036143272,-0.03040225410371561,0.9597251176043196,0.18198547035610718,-0.027793518894286814,0.9836068721897915,0.16393290414357534,-0.02578160327777357,0.9962515969041942,0.15158650279030167,-0.02413549382619634,1.0,0.1425234393275992,-0.02274961803920343,0.9968386555026963,0.0,-0.02156242779792076,0.9883083035195575,0.0,-0.020532123136096418,0.9755683082513577,0.0,-0.01962794870655079,0.959510450950966,0.0,-0.01882638459522736,0.9408591146193258,0.0,-0.018109114621600187,0.9202371208425352,0.0,-0.017461749765775133,0.8981993447996585,0.0,-0.01687293213693044,0.8752442838867436,0.0,-0.0163336651329808,0.8518140808829284,0.0,-0.015836796794648802,0.8282908209003863,0.0,-0.015376616006511594,0.8049937147867497,,-0.01494853568381308,0.782179149359623
data_magnitude_exp_8,0.050489991440467376,0.050798870770589796,0.05059406347733267,0.05074245537578091,0.05066554117975351,0.5253911369946445,-0.0028329334635774587,0.05066554117975351,0.0,-0.0016365613773662098,0.06305187269639424,0.0,-0.0013307822253594518,0.07693633452004565,0.0,-0.0011798745885117558,0.09209124010797867,0.0,-0.0010786097156662198,0.10823416033952409,0.0,-0.0010005191169243533,0.12511201867342953,0.0,-0.0009366299340744637,0.1425234393275992,0.0,-0.000882842524838918,0.16030301342946282,0.0,-0.0008367672256365993,0.17829966250486826,0.0,-0.0007967813015063601,0.19636476772526398,0.0,-0.0007616908779754797,0.21435147744312216,,-0.0007305829964495902,0.2321208087274579,,-0.0007027467141475057,0.24954969683730163,,-0.0006776235352050768,0.26653764745384834,,-0.0006547726221006661,0.2830103985355293,,-0.0006338447914356557,0.2989203669534285,,-0.0006145624583687634,0.0,,-0.0005967039624380517,0.0,,-0.0005800912703425587,0.0
data_magnitude_exp_inv_8,-0.09308024120289261,-0.09292059580322067,-0.09315078282496805,-0.09305587161375274,-0.09306983455786191,-0.0045803741246533665,0.6673110874407074,-0.09306983455786191,-0.0024367605208453864,0.8276092010075486,-0.0645939573441064,-0.0017269906279663238,0.9030916642721157,-0.047296362579890484,-0.0013570394079010478,0.9478492265461439,-0.03679817577720209,-0.0011513927363275857,0.9748899441581558,-0.03021271791986006,-0.0010264412447779567,0.9903263263504934,-0.02584390181805346,-0.0009430065284092745,0.9978811450223607,-0.02274961803920343,-0.000882842524838918,1.0,-0.02041588550898723,-0.0008370225877402576,0.9983267064022895,-0.018559511879256578,-0.0,0.9939762628760259,-0.01701993840290691,-0.0,0.9877118037805873,-0.01570262821164613,-0.0,0.9800630293222479,-0.014549709371703187,-0.0,0.971405217505825,-0.013524465539849624,-0.0,0.9620112649623808,-0.012602823079167321,-0.0,0.952085525628504,-0.011768454927657157,-0.0,0.9417856054840108,-0.011009842434976052,-0.0,0.9312363337452749,-0.010318461590846172,-0.0,0.9205387311041549,-0.009687652102545708,-0.0,0.9097758203075467,-0.009111917520283954
data_magnitude_pow_8,0.7578228068017399,0.75826649541427,0.7581113314594512,0.7580811102471438,0.7582132807763029,0.5866373608766268,-0.06543563256401652,0.7582132807763029,0.3878218280317109,-0.037842220933411753,0.832365515301249,0.29087056809551165,-0.030773594955004924,0.8912369038660718,0.23598907374332617,-0.027284387251352397,0.9355124262258686,0.20414763884546863,-0.024942826477188876,0.9665555883788156,0.18413458866315924,-0.023137072324521984,0.9863059409453568,0.17040477334639242,-0.021659686883376595,0.9968386555026963,0.16030301342946282,-0.02041588550898723,1.0,0.0,-0.019350415472701256,0.9972710285173468,0.0,-0.018425755182274337,0.9897968254107936,0.0,-0.017614298650385152,0.9784781821651629,0.0,-0.016894935159569243,0.9640600044754863,0.0,-0.016251225098578303,0.9471916481616343,0.0,-0.01567025388573396,0.9284581428890765,0.0,-0.01514182759614729,0.9083905858545419,0.0,-0.014657871680473947,0.8874653000378576,0.0,-0.014211967220728833,0.8660992662091647,0.0,-0.013798988490855977,0.8446464211771085,,-0.01341481860061846,0.8233968811330805
data_magnitude_exp_9,0.04788655519384052,0.04820512126306575,0.04801796049286405,0.04816059803929214,0.04807621862243426,0.0,-0.002685902900988403,0.04807621862243426,0.0,-0.0015516230817368087,0.05984845640243699,0.0,-0.0012617140097464215,0.0730528372978637,0.0,-0.001118638549344114,0.08747472824255109,0.0,-0.0010226293704343969,0.1028470096098817,0.0,-0.0009485917100385141,0.11892999744723294,0.0,-0.0008880184054535917,0.0,0.0,-0.0008370225877402576,0.0,0.0,-0.0007933386179674297,0.0,0.0,-0.0007554279818721043,0.0,,-0.0007221587676212025,0.0,,-0.0006926653995953208,0.0,,-0.0006662738332739913,0.0,,-0.0006424545589877406,0.0,,-0.0006207896188872089,0.0,,-0.0006009479523541385,0.0,,-0.0005826663813296984,0.0,,-0.0005657347496326623,0.0,,-0.0005499842639730116,0.0
data_magnitude_exp_inv_9,-0.08831977927199904,-0.0881775912284628,-0.0883849174332779,-0.08829732505315305,-0.08831202590442594,-0.004341325707401262,0.6393490025418191,-0.08831202590442594,-0.0023095866852815786,0.799976113103682,-0.061259854607294155,-0.0016368594803784187,0.8795094212470319,-0.04484074828816154,-0.0012862159088178778,0.9290400385594182,-0.0348818199370324,-0.0010913018782946263,0.9608544288129333,-0.0286371924799683,-0.0009728715693985254,0.9807933910448823,-0.02449548869204068,-0.0008937912870454084,0.9924769302056105,-0.02156242779792076,-0.0008367672256365993,0.9983267064022895,-0.019350415472701256,-0.0007933386179674297,1.0,-0.01759090412101125,-0.0,0.9986415056509503,-0.016131674755811815,-0.0,0.9950493718758232,-0.014883113069390838,-0.0,0.9897882399229352,-0.013790364333250513,-0.0,0.9832658324656436,-0.012818627581126058,-0.0,0.9757841191646158,-0.011945085351121376,-0.0,0.9675730455314732,-0.011154262628584323,-0.0,0.9588125631830936,-0.010435241903593817,-0.0,0.9496469645205755,-0.009779944027840902,-0.0,0.9401942358182263,-0.009182056306458224,-0.0,0.9305522262243724,-0.008636369147572511
data_magnitude_pow_9,0.7187709278476446,0.7192198463732584,0.7190716224020062,0.7190245786468192,0.719157190671474,0.6312168169908633,-0.0595246208748464,0.719157190671474,0.4252663514770411,-0.03440344539451077,0.7959493134427269,0.3208690438328353,-0.02797602354913547,0.8591332696734569,0.26124007514563113,-0.024803737757568455,0.9088077160986553,0.2264714023224025,-0.022674960397623047,0.9458220565783464,0.20453210742174882,-0.021033333576556942,0.9717199530368561,0.18943383333527758,-0.019690243646518158,0.9883083035195575,0.17829966250486826,-0.018559511879256578,0.9972710285173468,0.0,-0.01759090412101125,1.0,0.0,-0.016750307736583585,0.9975957909825285,0.0,-0.01601262526516008,0.9909402648101651,0.0,-0.015358664519913554,0.980774205518626,0.0,-0.014773480031328775,0.9677522547611954,0.0,-0.01424533104663538,0.9524715328708914,0.0,-0.013764950221608514,0.9354805739167452,0.0,-0.013324996967611153,0.9172773347246979,0.0,-0.012919635846590867,0.8983034850904558,0.0,-0.012544207069262169,0.8789395460916395,,-0.012194967982677602,0.8595030124195492
data_magnitude_exp_10,0.0,0.0,0.0,0.0,0.0,0.0,-0.0,0.0,0.0,-0.0,0.0,0.0,-0.0,0.0,0.0,-0.0,0.0,0.0,-0.0,0.0,0.0,-0.0,0.0,0.0,-0.0,0.0,0.0,-0.0,0.0,0.0,-0.0,0.0,,-0.0,0.0,,-0.0,0.0,,-0.0,0.0,,-0.0,0.0,,-0.0,0.0,,-0.0,0.0,,-0.0,0.0,,-0.0,0.0,,-0.0,0.0,,-0.0,0.0
data_magnitude_exp_inv_10,-0.08417548560140715,-0.08404849387438905,-0.08423627262389631,-0.08415469859077229,-0.08417012731708186,-0.0041338702585768635,0.6142936543777535,-0.08417012731708186,-0.002199220319176061,0.7743952191488096,-0.058361516461147483,-0.0015586401895302804,0.856863202837759,-0.04270796350615621,-0.0012247525410264582,0.9101483622372478,-0.03321817087649327,-0.00103915271091364,0.9458726320262607,-0.027269715491208955,-0.0009263817361802148,0.9696055192528984,-0.02332523133947036,-0.0008510803998392633,0.9848477644655252,-0.020532123136096418,-0.0007967813015063601,0.9939762628760259,-0.018425755182274337,-0.0007554279818721043,0.9986415056509503,-0.016750307736583585,-0.0,1.0,-0.015360804944562512,-0.0,0.9988698320962605,-0.014171906095743259,-0.0,0.9958381719822683,-0.013131375360588518,-0.0,0.9913350887522929,-0.01220607413472721,-0.0,0.9856834519652932,-0.01137427514671208,-0.0,0.9791321927851241,-0.010621242830264244,-0.0,0.9718782653004927,-0.00993658137062168,-0.0,0.9640810955017549,-0.009312597688459464,-0.0,0.9558721191326793,-0.008743280747901922,-0.0,0.9473611498427544,-0.008223669903492964
data_magnitude_pow_10,0.6816868978376998,0.682135498604462,0.6819906646610819,0.6819318946134502,0.6820647501962098,0.6732207861670487,-0.05460251641178694,0.6820647501962098,0.4618125531091496,-0.031550228634671065,0.7603483649971875,0.35050467566004784,-0.025655495702512614,0.8266218643526567,0.28635896491943064,-0.022746259317609055,0.8805202116983509,0.24876895452292305,-0.02079403384633887,0.9224592679054322,0.2249552382300052,-0.019288566836765393,0.9536262771739467,0.2085158261190814,-0.018056879556402675,0.9755683082513577,0.19636476772526398,-0.01701993840290691,0.9897968254107936,0.0,-0.016131674755811815,0.9975957909825285,0.0,-0.015360804944562512,1.0,0.0,-0.014684312970213987,0.9978516219859452,0.0,-0.014084598417023619,0.9918682986177074,0.0,-0.013547955404133193,0.9826930569182806,0.0,-0.013063616984364973,0.9709203519834251,0.0,-0.012623084479258657,0.9571034498636278,0.0,-0.012219626160204469,0.9417511580055739,0.0,-0.011847890609139908,0.9253208276187695,0.0,-0.011503604544934253,0.9082121706614066,,-0.011183335752039825,0.8907641059284154
data_magnitude_exp_11,0.0,0.0,0.0,0.0,0.0,0.0,-0.0,0.0,0.0,-0.0,0.0,0.0,-0.0,0.0,0.0,-0.0,0.0,0.0,-0.0,0.0,0.0,-0.0,0.0,0.0,-0.0,0.0,0.0,-0.0,0.0,,-0.0,0.0,,-0.0,0.0,,-0.0,0.0,,-0.0,0.0,,-0.0,0.0,,-0.0,0.0,,-0.0,0.0,,-0.0,0.0,,-0.0,0.0,,-0.0,0.0,,-0.0,0.0
data_magnitude_exp_inv_11,-0.08052921559644131,-0.08041553141486782,-0.08058651672170787,-0.0805098813643785,-0.08052602824520975,-0.0039518137043915305,0.5917179528072054,-0.08052602824520975,-0.002102366173262292,0.7507216270053406,-0.05581452373963012,-0.00148999733322904,0.8352829118754937,-0.04083507655564689,-0.0011708141701035498,0.8915209972716309,-0.03175780416294145,-0.000993388197275626,0.9304534325444459,-0.02606953561084287,-0.0008855836810396407,0.9573886873678614,-0.022298212442356344,-0.000813598632090963,0.9757015967517979,-0.01962794870655079,-0.0007616908779754797,0.9877118037805873,-0.017614298650385152,-0.0007221587676212025,0.9950493718758232,-0.01601262526516008,-0.0,0.9988698320962605,-0.014684312970213987,-0.0,1.0,-0.013547772560670327,-0.0,0.9990400827498661,-0.012553066787266169,-0.0,0.9964346007355964,-0.011668515969296514,-0.0,0.9925208148012106,-0.010873349575982192,-0.0,0.9875612965818295,-0.010153480964316635,-0.0,0.9817656167555424,-0.009498972144798492,-0.0,0.9753047334392343,-0.0089024688408264,-0.0,0.9683205698616634,-0.0083582247433256,-0.0,0.96093246352018,-0.007861497674623304
data_magnitude_pow_11,0.6465042275388337,0.6469480073601332,0.6468039799628938,0.6467379312468265,0.6468705299799534,0.7124193585992743,-0.05038273016647508,0.6468705299799534,0.4971596443628989,-0.029108505755242885,0.7257557425140001,0.3795302607055486,-0.023669860492720865,0.7941302106755112,0.31113740013733515,-0.020985763605256596,0.8512682152010144,0.27085658265876217,-0.019184626119036926,0.8972248960255546,0.24523664702677617,-0.017795674217116565,0.9328716836141554,0.22749509348455202,-0.016659314116232487,0.959510450950966,0.21435147744312216,-0.01570262821164613,0.9784781821651629,0.0,-0.014883113069390838,0.9909402648101651,0.0,-0.014171906095743259,0.9978516219859452,0.0,-0.013547772560670327,1.0,0.0,-0.012994474209055517,0.9980658102113312,0.0,-0.0124993659177964,0.9926675179195392,0.0,-0.012052514045756413,0.9843852673704759,0.0,-0.011646077671139286,0.9737667438244999,0.0,-0.011273846070288444,0.9613226074951331,0.0,-0.01093088200138129,0.9475181627478197,0.0,-0.010613242917089418,0.932765784277761,,-0.010317762241176115,0.9174203949523418
data_magnitude_exp_12,0.0,0.0,0.0,0.0,0.0,0.0,-0.0,0.0,0.0,-0.0,0.0,0.0,-0.0,0.0,0.0,-0.0,0.0,0.0,-0.0,0.0,0.0,-0.0,0.0,0.0,-0.0,0.0,,-0.0,0.0,,-0.0,0.0,,-0.0,0.0,,-0.0,0.0,,-0.0,0.0,,-0.0,0.0,,-0.0,0.0,,-0.0,0.0,,-0.0,0.0,,-0.0,0.0,,-0.0,0.0,,-0.0,0.0
