,open,high,low,close,week_days,week_days_exp_1,week_days_exp_inv_1,week_days_pow_1,week_days_exp_2,week_days_exp_inv_2,week_days_pow_2,week_days_exp_3,week_days_exp_inv_3,week_days_pow_3,week_days_exp_4,week_days_exp_inv_4,week_days_pow_4,week_days_exp_5,week_days_exp_inv_5,week_days_pow_5,week_days_exp_6,week_days_exp_inv_6,week_days_pow_6,week_days_exp_7,week_days_exp_inv_7,week_days_pow_7,week_days_exp_8,week_days_exp_inv_8,week_days_pow_8,week_days_exp_9,week_days_exp_inv_9,week_days_pow_9,week_days_exp_10,week_days_exp_inv_10,week_days_pow_10,week_days_exp_11,week_days_exp_inv_11,week_days_pow_11,week_days_exp_12,week_days_exp_inv_12,week_days_pow_12,week_days_exp_13,week_days_exp_inv_13,week_days_pow_13,week_days_exp_14,week_days_exp_inv_14,week_days_pow_14,week_days_exp_15,week_days_exp_inv_15,week_days_pow_15,week_days_exp_16,week_days_exp_inv_16,week_days_pow_16,week_days_exp_17,week_days_exp_inv_17,week_days_pow_17,week_days_exp_18,week_days_exp_inv_18,week_days_pow_18,week_days_exp_19,week_days_exp_inv_19,week_days_pow_19
open,1.0,0.9995414639387189,0.9995313494660424,0.9992983611046202,0.01288254970766313,0.018821426125771798,-0.008515932206074437,0.01288254970766313,0.016880911235573007,-0.006413802181697837,0.014267050592005628,0.009564638709185665,-0.005655106136105457,0.015375855148711563,0.006914196699861933,-0.005383842308287398,0.01648287956031971,0.005992107286495975,-0.005285370589335575,0.01771211690578197,0.005660519269632003,-0.0052493354916005016,0.01904088189468664,0.005539570085151084,-0.005236105289898243,0.020305578784415558,0.005495215349540564,-0.005231241767562943,0.021218783940596696,0.00547891708897346,-0.00522945306586031,0.02147415352640416,0.005472923855973952,-0.005228795105413864,0.020936512604884293,0.005470719415466409,-0.0052285530642466604,0.019742302815070497,0.005469908494043249,-0.005228464023489276,0.0181879837581634,0.005469610179073125,-0.005228431267389037,0.01654923327019297,0.0054695004359872675,-0.0052284192171157765,0.014997084263653138,0.005469460063879558,-0.005228414784070971,0.013607851632468766,0.005469445211825854,-0.005228413153245054,0.012400528689092827,0.005469439748063586,-0.005228412553298112,0.011366653771219122,0.005469437738057052,-0.005228412332589797,0.010487348495261164,0.00546943699861804,-0.005228412251395636,0.009741502591168998
high,0.9995414639387189,1.0,0.9992565558296085,0.9996780459231364,0.01238419644530517,0.018468704139603435,-0.0080278546434003,0.01238419644530517,0.016659407425677505,-0.005996768502013364,0.013812514407712837,0.009407985206362763,-0.0052734692173189365,0.014971340147971255,0.006770768943036934,-0.005016173550628321,0.016120810105743347,0.005851959450560979,-0.004922948877893706,0.017381774432932928,0.005521378212213327,-0.004888857710296762,0.018732924527389654,0.005400773354785474,-0.004876344435998874,0.02001373144127184,0.00535654181902144,-0.004871744896916293,0.020940463976473967,0.005340288414157269,-0.004870053341630499,0.021210009444018775,0.005334311619587578,-0.004869431123732769,0.020688588201649514,0.005332113217912959,-0.004869202232106785,0.01951182475826515,0.005331304516898518,-0.0048691180288754216,0.017974365970450972,0.005331007018615031,-0.004869087052412396,0.016350485826410945,0.005330897575950284,-0.0048690756568325316,0.014810669572896888,0.005330857314358447,-0.004869071464636153,0.013431303795736114,0.005330842502960819,-0.004869069922413476,0.012231731676665877,0.0053308370541550925,-0.004869069355061745,0.011203902097121432,0.005330835049650795,-0.004869069146344613,0.010329310303329148,0.005330834312235862,-0.004869069069561953,0.009587152900256062
low,0.9995313494660424,0.9992565558296085,1.0,0.9996132370541567,0.012898533905801464,0.018539270492292193,-0.008847523907811126,0.012898533905801464,0.016730139082458517,-0.0068537162510775955,0.014154799484326824,0.009626109233658078,-0.006123762185600023,0.015176648188079732,0.007054760795724337,-0.005861054796147336,0.01622630180934322,0.006161348013048551,-0.005765435865922547,0.01741552324189854,0.005840257428800701,-0.005730409318914076,0.01871568662536228,0.0057231633110828625,-0.005717544553753708,0.019963068727182,0.005680225879592107,-0.0057128147092681695,0.02087378490593804,0.005664448895491407,-0.00571107508209407,0.021145096426991895,0.0056586474130985035,-0.005710435161238771,0.020641372383666486,0.005656513511493967,-0.0057101997545822795,0.019493477090565592,0.00565572853958496,-0.005710113154269959,0.017990349639840073,0.005655439770867282,-0.005710081295924811,0.016401777411520765,0.005655333539646,-0.005710069575912512,0.014895615207025181,0.00565529445948036,-0.00571006526436332,0.0135470449871288,0.005655280082705341,-0.005710063678232981,0.012375029914324487,0.0056552747937884465,-0.005710063094728633,0.011371546481139671,0.005655272848103851,-0.005710062880069239,0.010518297225639269,0.005655272132327593,-0.005710062801100326,0.009794753718498304
close,0.9992983611046202,0.9996780459231364,0.9996132370541567,1.0,0.012346052082279995,0.018213914901732072,-0.008104087695672679,0.012346052082279995,0.016396582083479463,-0.006075161100750344,0.01370853719295979,0.009247801760856718,-0.005342725281933768,0.014809028046788934,0.006645057065582859,-0.005080694575422418,0.015910292804461688,0.005737520697871477,-0.004985546930293859,0.017131292607298718,0.005410879637856451,-0.0049507242031024,0.0184490162969106,0.005291695854583334,-0.004937938556768615,0.01970327723810458,0.00524798323877895,-0.00493323837932892,0.020612899994493495,0.005231920210283136,-0.004931509741998356,0.020877875130340513,0.005226013380369483,-0.004930873874361151,0.020365122925079297,0.005223840707657154,-0.00493063996019166,0.019207161455996213,0.005223041470500162,-0.004930553909122914,0.01769355720948049,0.00522274745359949,-0.004930522252858724,0.016094227807508278,0.005222639291640184,-0.00493051060719126,0.014577126835350722,0.005222599501190246,-0.00493050632299251,0.013217631120984678,0.0052225848631156785,-0.004930504746923896,0.012034946455884845,0.005222579478071885,-0.004930504167121008,0.011021273060537752,0.005222577497024185,-0.004930503953823334,0.010158482395325677,0.00522257676823852,-0.004930503875355435,0.009426151982948681
week_days,0.01288254970766313,0.01238419644530517,0.012898533905801464,0.012346052082279995,1.0,0.8435806963065837,-0.8849230472078443,1.0,0.3271369825246023,-0.776446922669143,0.9804597613336353,0.09537943122138606,-0.7319769326838902,0.9400609337362109,0.060341527572904625,-0.7153840286154263,0.8949471723208866,0.054961083646170764,-0.7092630389935882,0.8487315059907328,0.053983320312284026,-0.7070095716642183,0.798827718981044,0.05375811841887528,-0.7061803663864364,0.7399909129041908,0.05369341699054859,-0.7058752928773998,0.6672363741896914,0.05367206754005199,-0.7057630591573734,0.5798910537928351,0.05366454533195621,-0.7057217702156652,0.4843560131624784,0.05366182296541305,-0.7057065808003323,0.3914441017284891,0.05366082753880996,-0.7057009929181933,0.31019799653365837,0.0536604621641205,-0.705698937250081,0.24451198661709717,0.053660327861558756,-0.7056981810119649,0.19401580054677678,0.05366027846947767,-0.7056979028074671,0.15632424501389697,0.05366026030117237,-0.7056978004617036,0.12863814229654666,0.05366025361771728,-0.705697762810784,0.10846455275111373,0.05366025115903332,-0.7056977489598162,0.09381527450296209,0.05366025025455276,-0.7056977438644266,0.08318527366564174
week_days_exp_1,0.018821426125771798,0.018468704139603435,0.018539270492292193,0.018213914901732072,0.8435806963065837,1.0,-0.5677781278259544,0.8435806963065837,0.6576336678026257,-0.4425451208920382,0.9182560593216549,0.39880515134789707,-0.4012952938983232,0.9597562046306293,0.3526576018821427,-0.38706876657096684,0.9824341082678507,0.34436571108701247,-0.3819669645359424,0.9940394429688435,0.3425131292737846,-0.38010787427371895,0.9957439119148161,0.34199394251695603,-0.37942634721167345,0.9836792084434826,0.34182491202781434,-0.3791759508606568,0.951356234117889,0.34176570179596216,-0.3790838789351764,0.8947057739297144,0.3417443218440523,-0.37905001348533707,0.8176045595068072,0.3417365110401113,-0.37903755588348303,0.7315942510779742,0.3417336449735528,-0.37903297309625117,0.649167943902289,0.34173259160367486,-0.3790312871977312,0.5780932368090926,0.34173220422551315,-0.3790306669923015,0.5207956202469268,0.3417320617353838,-0.37903043883176507,0.47642476319395954,0.34173200931854675,-0.379030354896208,0.4428393482443021,0.34173199003590327,-0.3790303240180549,0.4177246423227991,0.34173198294217216,-0.3790303126586546,0.3990497909893058,0.3417319803326002,-0.37903030847971597,0.38518518851277167
week_days_exp_inv_1,-0.008515932206074437,-0.0080278546434003,-0.008847523907811126,-0.008104087695672679,-0.8849230472078443,-0.5677781278259544,1.0,-0.8849230472078443,-0.1816896343268553,0.9765107638492468,-0.780462531006588,-0.03986388211827735,0.9562642109395043,-0.6879647332775181,-0.019790980472646887,0.9473511040738887,-0.6147134978233514,-0.016868807534168806,0.9438809041808734,-0.5557127612185552,-0.016376441338039508,0.9425787419027694,-0.5038716382023267,-0.016272982346881383,0.9420962619539086,-0.4527045394413507,-0.016245373889026464,0.9419183025769614,-0.3974711130774173,-0.016236628829722023,0.9418527720996779,-0.33696111542971124,-0.01623360258178879,0.9418286562763628,-0.27453017335116103,-0.01623251511268675,0.9418197834092653,-0.2160644826981184,-0.016232118549863228,0.9418165191081169,-0.16623774556781504,-0.016231973135491923,0.9418153182177559,-0.12669409127022155,-0.01623191970453772,0.9418148764320627,-0.09672063007588685,-0.016231900057048627,0.941814713907763,-0.07459781787910118,-0.016231892830316653,0.9418146541184373,-0.058499101111604966,-0.016231890171905152,0.9418146321230992,-0.04686395564177993,-0.016231889193953214,0.9418146240314641,-0.038477466308739494,-0.016231888834187663,0.9418146210548077,-0.032434824224047906
week_days_exp_2,0.016880911235573007,0.016659407425677505,0.016730139082458517,0.016396582083479463,0.3271369825246023,0.6576336678026257,-0.1816896343268553,0.3271369825246023,1.0,-0.13441964987858307,0.38982810486265385,0.9480706835888673,-0.12037210660072585,0.4486646864479113,0.9275926923503236,-0.11568736382976179,0.5100164676085477,0.9225963039832569,-0.11402601526872506,0.5792965429785468,0.9211557963155105,-0.11342297259791115,0.6590752575522251,0.9206807362586186,-0.11320221108322119,0.747380754825819,0.9205134212010576,-0.1131211435708575,0.8360787045190125,0.9204528782732073,-0.11309134023338244,0.9123239813921052,0.9204307423278721,-0.11308037886690389,0.9651463778760632,0.9204226174499508,-0.11307634676658848,0.99217986493778,0.9204196309756333,-0.11307486348864919,0.9992505239142516,0.9204185326517118,-0.11307431782778421,0.9947142765455557,0.9204181286465158,-0.11307411709128057,0.9851857256476738,0.9204179800278136,-0.11307404324457536,0.9745635922092354,0.9204179253546032,-0.11307401607788985,0.9646961975142366,0.9204179052418292,-0.11307400608382565,0.9562496311798502,0.9204178978424539,-0.11307400240722826,0.9493126845130281,0.9204178951205666,-0.11307400105466683,0.9437351328563115
week_days_exp_inv_2,-0.006413802181697837,-0.005996768502013364,-0.0068537162510775955,-0.006075161100750344,-0.776446922669143,-0.4425451208920382,0.9765107638492468,-0.776446922669143,-0.13441964987858307,1.0,-0.6509116183079728,-0.028620954669610506,0.9966572990239712,-0.5515704074100284,-0.013878557507995232,0.9937355487873888,-0.4793839541455443,-0.011748000133071812,0.9924307695833868,-0.4253321943980593,-0.011391785755988275,0.9919196196509517,-0.38076288624371246,-0.011317637636596708,0.9917273610977742,-0.3390406935855276,-0.011298011289816673,0.9916560623433526,-0.2957217767351171,-0.011291824204428707,0.9916297557462487,-0.24943308528443855,-0.011289687788814283,0.9916200676349678,-0.20238016658543787,-0.011288920743817281,0.9916165021630992,-0.15870886201515105,-0.011288641121047433,0.9916151903078184,-0.12170244780179731,-0.011288538599658537,0.9916147076773,-0.09244752912329689,-0.01128850093098446,0.9916145301239315,-0.07033529932044344,-0.011288487079795049,0.9916144648053182,-0.05404971116265231,-0.011288481985080244,0.9916144407757335,-0.042218827126754226,-0.011288480110960265,0.9916144319358018,-0.033680070897728995,-0.011288479421523404,0.9916144286837546,-0.027532654888599073,-0.011288479167897705,0.9916144274874349,-0.023107873088978992
week_days_pow_2,0.014267050592005628,0.013812514407712837,0.014154799484326824,0.01370853719295979,0.9804597613336353,0.9182560593216549,-0.780462531006588,0.9804597613336353,0.38982810486265385,-0.6509116183079728,1.0,0.13134257242077446,-0.6025492859777654,0.9882304934687483,0.09108358827359112,-0.5850908677315247,0.9625372750841211,0.08472741102352666,-0.5787273412829737,0.9292078055563648,0.08352602690288786,-0.5763948216250655,0.8874478737206971,0.08323714527664597,-0.5755379054672433,0.8327151089947242,0.08315154457144967,-0.575222822912569,0.7600301282842391,0.0831228492872267,-0.5751069321213799,0.6687504237901843,0.08311267108864608,-0.5750643012078507,0.5660660015347575,0.08310897791748395,-0.5750486185672128,0.4643662620822677,0.08310762620173597,-0.5750428492997731,0.3743204699257085,0.08310712987063289,-0.5750407269121715,0.30086029040272727,0.08310694740745155,-0.5750399461304159,0.24399803838350498,0.08310688030020127,-0.5750396588969616,0.2013205143442487,0.08310685561511406,-0.5750395532297085,0.16982674271880577,0.08310684653431258,-0.575039514356932,0.14678478875348863,0.0831068431937027,-0.5750395000563985,0.12998905375700306,0.08310684196477107,-0.5750394947954879,0.11775644973296163
week_days_exp_3,0.009564638709185665,0.009407985206362763,0.009626109233658078,0.009247801760856718,0.09537943122138606,0.39880515134789707,-0.03986388211827735,0.09537943122138606,0.9480706835888673,-0.028620954669610506,0.13134257242077446,1.0,-0.02556341100054218,0.1757773758297854,0.9979057712989692,-0.024558126576402457,0.232080780099561,0.9966354605826817,-0.02420272172390569,0.304052944524585,0.9961525172793536,-0.024073830781239158,0.39438217880545073,0.9959737001959554,-0.02402666057425348,0.5022982752196724,0.995907778329471,-0.024009340684069996,0.6206806271804155,0.9958835085431325,-0.02400297351413794,0.7356404457750042,0.9958745776897396,-0.024000631766409646,0.832071512120024,0.9958712918742157,-0.023999770367166058,0.9019081464628227,0.9958700830445032,-0.023999453487136474,0.9465654668935298,0.9958696383348628,-0.02399933691497933,0.9725891806231499,0.9958694747341921,-0.023999294030683165,0.9867779952789878,0.995869414549032,-0.02399927825446066,0.9941108323587764,0.9958693924079898,-0.0239992724507142,0.9976831027438723,0.9958693842628339,-0.023999270315637776,0.9992622599560682,0.9958693812662266,-0.023999269530186704,0.9998127715963293,0.9958693801639396,-0.023999269241236455,0.9998481488278298
week_days_exp_inv_3,-0.005655106136105457,-0.0052734692173189365,-0.006123762185600023,-0.005342725281933768,-0.7319769326838902,-0.4012952938983232,0.9562642109395043,-0.7319769326838902,-0.12037210660072585,0.9966572990239712,-0.6025492859777654,-0.02556341100054218,1.0,-0.5037292850435898,-0.01238483266760638,0.9995400498975824,-0.4340225887013548,-0.010481388124854111,0.9991381337943165,-0.3831059693993694,-0.010163253381937779,0.9989586001917818,-0.3419335642166342,-0.010097053923878102,0.9988882574630561,-0.3039247523901242,-0.010079536367532177,0.998861797970278,-0.2648018916058275,-0.010074014955791149,0.9988519853000853,-0.22319448411674317,-0.010072108538436543,0.9988483647592203,-0.18100352686484616,-0.01007142409060625,0.9988470313939457,-0.14189555914161633,-0.010071174581039146,0.9988465406809816,-0.10878059358866585,-0.010071083100788818,0.9988463601312961,-0.08261403787796551,-0.010071049488927914,0.9988462937072619,-0.06284219989641149,-0.010071037129479444,0.998846269270793,-0.04828345352311881,-0.010071032583457621,0.9988462602808688,-0.03770874253239022,-0.0100710309111762,0.9988462569738576,-0.030077536758254753,-0.010071030295988916,0.9988462557571661,-0.02458402903218592,-0.010071030069676372,0.9988462553095747,-0.020630221135802502
week_days_pow_3,0.015375855148711563,0.014971340147971255,0.015176648188079732,0.014809028046788934,0.9400609337362109,0.9597562046306293,-0.6879647332775181,0.9400609337362109,0.4486646864479113,-0.5515704074100284,0.9882304934687483,0.1757773758297854,-0.5037292850435898,1.0,0.13193779481941295,-0.4868590191739537,0.9923010112969469,0.12480034507819246,-0.4807624486911185,0.9726982312531591,0.12339267226797643,-0.4785347896203335,0.9415021308044276,0.1230392094318395,-0.477717339565127,0.8946416356221615,0.12293139572014725,-0.4774168957060025,0.8270287884880225,0.12289473853455295,-0.4773064063938463,0.7377361898209163,0.12288165974482858,-0.4772657647649789,0.6341037446777825,0.12287690335490219,-0.4772508142379191,0.5293630882190239,0.1228751610238352,-0.47724531434009826,0.43532552771504995,0.12287452106389395,-0.47724329105341035,0.35783289607139707,0.12287428577217291,-0.4772425467295703,0.29738885011920246,0.1228741992316658,-0.47724227290843574,0.2517453279295867,0.12287416739767885,-0.47724217217524395,0.21788968806162146,0.12287415568695322,-0.47724213511757013,0.19300693033443922,0.12287415137884254,-0.4772421214848215,0.174792246985745,0.122874149794046,-0.47724211646957604,0.161470852932065
week_days_exp_4,0.006914196699861933,0.006770768943036934,0.007054760795724337,0.006645057065582859,0.060341527572904625,0.3526576018821427,-0.019790980472646887,0.060341527572904625,0.9275926923503236,-0.013878557507995232,0.09108358827359112,0.9979057712989692,-0.01238483266760638,0.13193779481941295,1.0,-0.011897237932492396,0.1859134780859583,0.9998270262338073,-0.011724987266922351,0.25657637727558796,0.9996864670354192,-0.011662527289199367,0.3466512175193396,0.9996252637780974,-0.011639669634856232,0.4556316479579241,0.999601478465715,-0.011631276891675828,0.5767318278231144,0.9995925566599031,-0.011628191548683007,0.6961543728886437,0.9995892512756842,-0.011627056808408006,0.7983585945620579,0.9995880321480617,-0.0116266394005579,0.8744307343389125,0.9995875832302528,-0.011626485850174093,0.9249754354644066,0.9995874180250021,-0.011626429362873083,0.9560780558782229,0.9995873572415975,-0.011626408582455264,0.9744177776863384,0.9995873348797503,-0.011626400937778343,0.9850467092916889,0.9995873266530307,-0.01162639812546276,0.9912024325351615,0.9995873236265291,-0.011626397090869931,0.9947989519020558,0.9995873225130586,-0.011626396710263954,0.9969272512687333,0.9995873221035636,-0.011626396570245499,0.9982022026434753
week_days_exp_inv_4,-0.005383842308287398,-0.005016173550628321,-0.005861054796147336,-0.005080694575422418,-0.7153840286154263,-0.38706876657096684,0.9473511040738887,-0.7153840286154263,-0.11568736382976179,0.9937355487873888,-0.5850908677315247,-0.024558126576402457,0.9995400498975824,-0.4868590191739537,-0.011897237932492396,1.0,-0.418302536986439,-0.010068674824789795,0.9999373201354584,-0.3686617679047194,-0.00976306004567698,0.9998826409927957,-0.3287794726185902,-0.009699466394745409,0.9998582345540747,-0.29211354750683666,-0.009682638490747224,0.9998486746051373,-0.25445687873481987,-0.009677334471941105,0.9998450789943155,-0.21445019891863873,-0.00967550311839271,0.9998437455903046,-0.17390077435524784,-0.00967484562062956,0.9998432536166002,-0.13632206165175054,-0.009674605935536052,0.9998430724345005,-0.10450519361984134,-0.009674518057341291,0.9998430057549137,-0.07936572319547487,-0.009674485768958272,0.9998429812212807,-0.060370574065885856,-0.009674473896165834,0.9998429721954706,-0.04638401601965414,-0.009674469529144756,0.9998429688748594,-0.03622504999007824,-0.009674467922708381,0.9998429676533331,-0.028893934252881726,-0.009674467331744927,0.9998429672038923,-0.023616489440048766,-0.009674467114346188,0.9998429670386428,-0.019818206339352454
week_days_pow_4,0.01648287956031971,0.016120810105743347,0.01622630180934322,0.015910292804461688,0.8949471723208866,0.9824341082678507,-0.6147134978233514,0.8949471723208866,0.5100164676085477,-0.4793839541455443,0.9625372750841211,0.232080780099561,-0.4340225887013548,0.9923010112969469,0.1859134780859583,-0.418302536986439,1.0,0.17813960942673143,-0.41265749884114655,0.993626017991398,0.176536323667857,-0.4105995764704183,0.9741034807761082,0.17611644111076658,-0.4098450488069928,0.9376178384964364,0.17598495756266427,-0.40956781716680646,0.8788107354504961,0.17593969690004593,-0.40946587583549904,0.7961274337973738,0.17592346719950155,-0.4094283800066839,0.6964625049933064,0.17591755356841776,-0.409414586913582,0.5932495969597249,0.1759153857712799,-0.40940951283339466,0.4990359941687532,0.17591458932615925,-0.4094076461991844,0.42047201205288753,0.1759142964715153,-0.40940695950498485,0.35864370040421834,0.17591418875543946,-0.4094067068845633,0.3116250590208454,0.1759141491314736,-0.40940661395075423,0.2765443062540079,0.1759141345549954,-0.4094065797623409,0.2506274851115993,0.1759141291926307,-0.4094065671851235,0.23156418046828103,0.17591412721997549,-0.4094065625582348,0.21755609907323403
week_days_exp_5,0.005992107286495975,0.005851959450560979,0.006161348013048551,0.005737520697871477,0.054961083646170764,0.34436571108701247,-0.016868807534168806,0.054961083646170764,0.9225963039832569,-0.011748000133071812,0.08472741102352666,0.9966354605826817,-0.010481388124854111,0.12480034507819246,0.9998270262338073,-0.010068674824789795,0.17813960942673143,1.0,-0.00992289582050938,0.24828160016786635,0.9999785867819644,-0.009870035395914566,0.33796803355981647,0.9999601053139355,-0.009850690802139692,0.44675810451186454,0.9999518858168767,-0.009843587968228939,0.5679611568092789,0.9999486699421333,-0.00984097682254937,0.6878473016898992,0.999947460888654,-0.009840016484589143,0.7908453706812559,0.999947012583949,-0.009839663229662418,0.8679082232487592,0.9999468471857005,-0.009839533278992766,0.9194810770824767,0.9999467862744442,-0.00983948547342974,0.9515368348026436,0.9999467638577234,-0.009839467886828396,0.9707043418260743,0.9999467556099979,-0.009839461417092051,0.9820276589105826,0.9999467525757455,-0.009839459037008844,0.9887563602249181,0.9999467514592323,-0.009839458161427391,0.9928227934678071,0.9999467510486111,-0.009839457839318536,0.9953362735276532,0.999946750897607,-0.009839457720820002,0.9969276823200486
week_days_exp_inv_5,-0.005285370589335575,-0.004922948877893706,-0.005765435865922547,-0.004985546930293859,-0.7092630389935882,-0.3819669645359424,0.9438809041808734,-0.7092630389935882,-0.11402601526872506,0.9924307695833868,-0.5787273412829737,-0.02420272172390569,0.9991381337943165,-0.4807624486911185,-0.011724987266922351,0.9999373201354584,-0.41265749884114655,-0.00992289582050938,1.0,-0.3634989711570674,-0.009621705705107078,0.9999914941716244,-0.32409356340156303,-0.009559032776193499,0.9999840805367433,-0.28791600119993666,-0.009542448512537365,0.9999807727338058,-0.25078648232958295,-0.009537221287582673,0.9999794772702512,-0.21135129643418465,-0.009535416449211997,0.9999789900581524,-0.17138562219926873,-0.009534768471011798,0.9999788093831713,-0.13434953691595913,-0.009534532256194222,0.9999787427216204,-0.10299268652904628,-0.009534445650341818,0.9999787181718852,-0.07821690687654537,-0.009534413829442204,0.9999787091370435,-0.05949664256040021,-0.009534402128552591,0.9999787058127312,-0.045712522251848756,-0.009534397824758388,0.9999787045896925,-0.03570060883724489,-0.00953439624158018,0.9999787041398848,-0.02847561859198549,-0.009534395659174627,0.9999787039744121,-0.023274573264541402,-0.009534395444922647,0.9999787039133687,-0.01953127786459209
week_days_pow_5,0.01771211690578197,0.017381774432932928,0.01741552324189854,0.017131292607298718,0.8487315059907328,0.9940394429688435,-0.5557127612185552,0.8487315059907328,0.5792965429785468,-0.4253321943980593,0.9292078055563648,0.304052944524585,-0.3831059693993694,0.9726982312531591,0.25657637727558796,-0.3686617679047194,0.993626017991398,0.24828160016786635,-0.3634989711570674,1.0,0.2464900080899119,-0.36162000239847664,0.9930968595948093,0.24600161015848343,-0.36093150746660313,0.9692274412867928,0.24584503700336188,-0.3606785943935782,0.922607471502823,0.24579056267260005,-0.36058560292222824,0.8507017911990847,0.24577094568627803,-0.3605514000434118,0.7593858274163932,0.2457637862461475,-0.3605388184237861,0.6617158893949937,0.24576116018257363,-0.3605341900286112,0.5706343767037957,0.2457601951562531,-0.3605324873539831,0.49353636838707277,0.24575984028480333,-0.3605318609772389,0.4321892815425416,0.24575970975416472,-0.3605316305464654,0.3851364091001604,0.2457596617371648,-0.36053154577574903,0.34978358292471434,0.24575964407308093,-0.3605315145903558,0.32350638578413343,0.2457596375748248,-0.3605315031178393,0.3040692835419071,0.2457596351843172,-0.36053149889735947,0.2897084538756283
week_days_exp_6,0.005660519269632003,0.005521378212213327,0.005840257428800701,0.005410879637856451,0.053983320312284026,0.3425131292737846,-0.016376441338039508,0.053983320312284026,0.9211557963155105,-0.011391785755988275,0.08352602690288786,0.9961525172793536,-0.010163253381937779,0.12339267226797643,0.9996864670354192,-0.00976306004567698,0.176536323667857,0.9999785867819644,-0.009621705705107078,0.2464900080899119,1.0,-0.009570449747737582,0.3360021442414665,0.9999971347594744,-0.009551692320355796,0.4446516329735495,0.9999946412487916,-0.009544805078853334,0.5657785992091878,0.9999935292823159,-0.009542273189319191,0.6856818677261606,0.9999930938661791,-0.00954134200051486,0.7887960149983113,0.9999929301195727,-0.009540999467944558,0.8660490107440679,0.9999928693979834,-0.009540873461667322,0.9178467039382557,0.9999928469944446,-0.009540827107146998,0.9501289555882779,0.9999928387436815,-0.009540810054354202,0.9695057126480221,0.9999928357073474,-0.009540803780993076,0.981013623889819,0.9999928345902506,-0.009540801473152973,0.9879013542078169,0.999992834179245,-0.0095408006241473,0.99210323503172,0.999992834027653,-0.00954080031181502,0.994731514520594,0.9999928339723503,-0.009540800196914079,0.99642007461266
week_days_exp_inv_6,-0.0052493354916005016,-0.004888857710296762,-0.005730409318914076,-0.0049507242031024,-0.7070095716642183,-0.38010787427371895,0.9425787419027694,-0.7070095716642183,-0.11342297259791115,0.9919196196509517,-0.5763948216250655,-0.024073830781239158,0.9989586001917818,-0.4785347896203335,-0.011662527289199367,0.9998826409927957,-0.4105995764704183,-0.009870035395914566,0.9999914941716244,-0.36162000239847664,-0.009570449747737582,1.0,-0.3223901806410651,-0.009508110684445792,0.9999988476839031,-0.2863913963248176,-0.009491614767068458,0.9999978436898839,-0.2494540844575277,-0.009486415388150492,0.9999973958035465,-0.21022677232470566,-0.00948462016436411,0.9999972204047963,-0.1704731499457875,-0.009483975638022049,0.9999971544403734,-0.13363403868393256,-0.009483740681546653,0.9999971299787341,-0.10244410926253776,-0.009483654537054754,0.9999971209534234,-0.07780026731469711,-0.009483622885670225,0.9999971176296979,-0.05917971014891243,-0.009483611247111686,0.999997116406506,-0.045469012170397914,-0.009483606966243889,0.9999971159563513,-0.035510430271794714,-0.009483605391500234,0.9999971157908469,-0.02832392699473498,-0.009483604812194816,0.9999971157298049,-0.023150587585198727,-0.009483604599085545,0.9999971157075012,-0.01942723283343126
week_days_pow_6,0.01904088189468664,0.018732924527389654,0.01871568662536228,0.0184490162969106,0.798827718981044,0.9957439119148161,-0.5038716382023267,0.798827718981044,0.6590752575522251,-0.38076288624371246,0.8874478737206971,0.39438217880545073,-0.3419335642166342,0.9415021308044276,0.3466512175193396,-0.3287794726185902,0.9741034807761082,0.33796803355981647,-0.32409356340156303,0.9930968595948093,0.3360021442414665,-0.3223901806410651,1.0,0.3354456547044837,-0.3217662923851163,0.9911972385963271,0.33526350581041664,-0.32153714803534417,0.9603508390146406,0.3351995519808724,-0.32145290073884547,0.9035855967267794,0.33517643813664705,-0.3214219146814826,0.8251639656810666,0.3351679909837245,-0.3214105164669261,0.7371735019122928,0.3351648910225264,-0.32140632342254666,0.6526139212545649,0.33516375163538636,-0.32140478090451535,0.5795724770513366,0.3351633326169699,-0.3214042134461166,0.5206078372988573,0.33516317848747884,-0.32140400469017155,0.474887310512936,0.33516312178894453,-0.3214039278931785,0.4402354045427823,0.3351631009310625,-0.32140389964116256,0.4142879879121938,0.3351630932579282,-0.3214038892478138,0.39496601663497144,0.3351630904351835,-0.3214038854242946,0.3805986786489044
week_days_exp_7,0.005539570085151084,0.005400773354785474,0.0057231633110828625,0.005291695854583334,0.05375811841887528,0.34199394251695603,-0.016272982346881383,0.05375811841887528,0.9206807362586186,-0.011317637636596708,0.08323714527664597,0.9959737001959554,-0.010097053923878102,0.1230392094318395,0.9996252637780974,-0.009699466394745409,0.17611644111076658,0.9999601053139355,-0.009559032776193499,0.24600161015848343,0.9999971347594744,-0.009508110684445792,0.3354456547044837,1.0,-0.009489475437349078,0.44403412292581007,0.9999996126269549,-0.00948263305728517,0.5651178799775585,0.9999992751941649,-0.009480117659729465,0.6850068262318475,0.9999991246761158,-0.009479192536410566,0.7881399406280343,0.9999990657328651,-0.009478852234993548,0.865439317408421,0.9999990435654209,-0.009478727049486178,0.9172989509427789,0.9999990353451126,-0.009478680996904259,0.9496476928900933,0.9999990323120496,-0.009478664055189075,0.9690884991802822,0.999999031195168,-0.009478657822689118,0.9806546961447656,0.9999990307839541,-0.00947865552988352,0.9875938967025019,0.99999903063292,-0.00947865468640588,0.9918405177695303,0.9999990305771217,-0.009478654376109051,0.9945073704709818,0.9999990305568517,-0.009478654261956342,0.9962290485463265
week_days_exp_inv_7,-0.005236105289898243,-0.004876344435998874,-0.005717544553753708,-0.004937938556768615,-0.7061803663864364,-0.37942634721167345,0.9420962619539086,-0.7061803663864364,-0.11320221108322119,0.9917273610977742,-0.5755379054672433,-0.02402666057425348,0.9988882574630561,-0.477717339565127,-0.011639669634856232,0.9998582345540747,-0.4098450488069928,-0.009850690802139692,0.9999840805367433,-0.36093150746660313,-0.009551692320355796,0.9999988476839031,-0.3217662923851163,-0.009489475437349078,1.0,-0.28583315206651827,-0.009473011850841068,0.9999998439917672,-0.2489663135344528,-0.009467822662351284,0.9999997080829676,-0.20981515341680154,-0.009466030957079518,0.9999996474571752,-0.1701391775260869,-0.009465387693963337,0.9999996237157612,-0.1333721740436519,-0.009465153197988721,0.9999996147872178,-0.10224334251237624,-0.009465067222333355,0.9999996114761971,-0.07764778992043853,-0.009465035632982963,0.9999996102546194,-0.059063724058709195,-0.009465024017234654,0.999999609804793,-0.04537989680712089,-0.009465019744757285,0.9999996096390527,-0.03544083257134669,-0.009465018173100205,0.9999996095781767,-0.028268414166305128,-0.009465017594933574,0.9999996095558046,-0.02310521407437743,-0.0094650173822397,0.9999996095475834,-0.01938915681199839
week_days_pow_7,0.020305578784415558,0.02001373144127184,0.019963068727182,0.01970327723810458,0.7399909129041908,0.9836792084434826,-0.4527045394413507,0.7399909129041908,0.747380754825819,-0.3390406935855276,0.8327151089947242,0.5022982752196724,-0.3039247523901242,0.8946416356221615,0.4556316479579241,-0.29211354750683666,0.9376178384964364,0.44675810451186454,-0.28791600119993666,0.9692274412867928,0.4446516329735495,-0.2863913963248176,0.9911972385963271,0.44403412292581007,-0.28583315206651827,1.0,0.44382827582250306,-0.2856281396460564,0.9886716386284446,0.4437554351287073,-0.28555276765620924,0.9516669740076632,0.443729029166265,-0.28552504632516684,0.8910295658787497,0.443719367822834,-0.2855148490934421,0.8172390287837568,0.4437158207680609,-0.2855110978601,0.7429619374582422,0.4437145168477891,-0.2855097178744924,0.6768920326939866,0.4437140372933656,-0.2855092102083352,0.62247821133582,0.44371386089296305,-0.2855090234486961,0.5796692740484783,0.44371379600122285,-0.28550895474370264,0.5468577261158556,0.44371377212927465,-0.2855089294685549,0.5220596389262845,0.44371376334725804,-0.28550892017034546,0.5034422487616399,0.44371376011659047,-0.28550891674973095,0.4894929640717909
week_days_exp_8,0.005495215349540564,0.00535654181902144,0.005680225879592107,0.00524798323877895,0.05369341699054859,0.34182491202781434,-0.016245373889026464,0.05369341699054859,0.9205134212010576,-0.011298011289816673,0.08315154457144967,0.995907778329471,-0.010079536367532177,0.12293139572014725,0.999601478465715,-0.009682638490747224,0.17598495756266427,0.9999518858168767,-0.009542448512537365,0.24584503700336188,0.9999946412487916,-0.009491614767068458,0.33526350581041664,0.9999996126269549,-0.009473011850841068,0.44382827582250306,1.0,-0.009466181341835049,0.5648940840321262,0.9999999475717163,-0.009463670308319447,0.6847749744082524,0.9999999019000361,-0.009462746790027107,0.7879118553826417,0.9999998815272917,-0.009462407079009456,0.8652251043987381,0.9999998735490204,-0.009462282110690706,0.9171047113397423,0.9999998705488641,-0.009462236138005977,0.9494756335715779,0.9999998694360829,-0.009462219225683776,0.9689382503714539,0.9999998690257074,-0.009462213003997955,0.9805245853821495,0.999999868874414,-0.009462210715169648,0.9874817674701402,0.9999998688188999,-0.009462209873155665,0.9917441577840501,0.9999998687982998,-0.009462209563397108,0.994424704658022,0.9999998687909089,-0.00946220944944164,0.9961582106080039
week_days_exp_inv_8,-0.005231241767562943,-0.004871744896916293,-0.0057128147092681695,-0.00493323837932892,-0.7058752928773998,-0.3791759508606568,0.9419183025769614,-0.7058752928773998,-0.1131211435708575,0.9916560623433526,-0.575222822912569,-0.024009340684069996,0.998861797970278,-0.4774168957060025,-0.011631276891675828,0.9998486746051373,-0.40956781716680646,-0.009843587968228939,0.9999807727338058,-0.3606785943935782,-0.009544805078853334,0.9999978436898839,-0.32153714803534417,-0.00948263305728517,0.9999998439917672,-0.2856281396460564,-0.009466181341835049,1.0,-0.24878719477902547,-0.009460995895004506,0.9999999788835994,-0.20966400605729602,-0.009459205481642656,0.9999999604887093,-0.1700165457000713,-0.009458562682350426,0.9999999522833558,-0.1332760213368881,-0.009458328355459886,0.9999999490701216,-0.10216962485593087,-0.009458242441796327,0.999999947861761,-0.07759180356935251,-0.009458210875225278,0.9999999474136452,-0.05902113669471735,-0.00945819926785172,0.9999999472482578,-0.0453471758266891,-0.00945819499845565,0.9999999471872371,-0.03541527803899406,-0.009458193427931437,0.9999999471649753,-0.028248031265317775,-0.009458192850180173,0.9999999471566562,-0.023088554082707605,-0.009458192637639888,0.99999994715364,-0.019375176276291577
week_days_pow_8,0.021218783940596696,0.020940463976473967,0.02087378490593804,0.020612899994493495,0.6672363741896914,0.951356234117889,-0.3974711130774173,0.6672363741896914,0.8360787045190125,-0.2957217767351171,0.7600301282842391,0.6206806271804155,-0.2648018916058275,0.8270287884880225,0.5767318278231144,-0.25445687873481987,0.8788107354504961,0.5679611568092789,-0.25078648232958295,0.922607471502823,0.5657785992091878,-0.2494540844575277,0.9603508390146406,0.5651178799775585,-0.2489663135344528,0.9886716386284446,0.5648940840321262,-0.24878719477902547,1.0,0.5648143627381508,-0.24872134419546688,0.9869070830500768,0.564785387988627,-0.24869712500629385,0.9486936628031806,0.5647747765591755,-0.24868821606101096,0.8935915136379035,0.5647708792994619,-0.24868493875097575,0.8334767342206385,0.5647694464530604,-0.24868373311055997,0.7774850146039676,0.5647689194566694,-0.24868328958225502,0.7299979804849794,0.5647687256017169,-0.24868312641758067,0.6918735347834876,0.5647686542884179,-0.24868306639265036,0.6622098872952926,0.5647686280542054,-0.24868304431072694,0.6395213212308078,0.5647686184030435,-0.24868303618726326,0.6223134797702446,0.5647686148526391,-0.24868303319879465,0.6093009246289893
week_days_exp_9,0.00547891708897346,0.005340288414157269,0.005664448895491407,0.005231920210283136,0.05367206754005199,0.34176570179596216,-0.016236628829722023,0.05367206754005199,0.9204528782732073,-0.011291824204428707,0.0831228492872267,0.9958835085431325,-0.010074014955791149,0.12289473853455295,0.9995925566599031,-0.009677334471941105,0.17593969690004593,0.9999486699421333,-0.009537221287582673,0.24579056267260005,0.9999935292823159,-0.009486415388150492,0.3351995519808724,0.9999992751941649,-0.009467822662351284,0.4437554351287073,0.9999999475717163,-0.009460995895004506,0.5648143627381508,1.0,-0.009458486237000381,0.684691912471434,0.9999999929039424,-0.00945756322460002,0.7878297445378316,0.9999999867227399,-0.009457223699668943,0.8651476650206785,0.9999999839652224,-0.009457098799806038,0.9170342389351049,0.9999999828857187,-0.009457052852306707,0.949413012136578,0.9999999824793263,-0.009457035949246045,0.9688834153740039,0.9999999823291222,-0.009457029730969485,0.9804769821788697,0.9999999822734374,-0.009457027443393847,0.9874406502109451,0.9999999822529321,-0.00945702660184444,0.9917087482982513,0.9999999822453947,-0.009457026292252976,0.9943942657886752,0.9999999822425636,-0.009457026178360192,0.9961320748172018
week_days_exp_inv_9,-0.00522945306586031,-0.004870053341630499,-0.00571107508209407,-0.004931509741998356,-0.7057630591573734,-0.3790838789351764,0.9418527720996779,-0.7057630591573734,-0.11309134023338244,0.9916297557462487,-0.5751069321213799,-0.02400297351413794,0.9988519853000853,-0.4773064063938463,-0.011628191548683007,0.9998450789943155,-0.40946587583549904,-0.00984097682254937,0.9999794772702512,-0.36058560292222824,-0.009542273189319191,0.9999973958035465,-0.32145290073884547,-0.009480117659729465,0.9999997080829676,-0.28555276765620924,-0.009463670308319447,0.9999999788835994,-0.24872134419546688,-0.009458486237000381,1.0,-0.2096084397069687,-0.009456696298569356,0.9999999971420785,-0.16997146300116397,-0.009456053669788626,0.9999999946525576,-0.13324067329501155,-0.009455819405054891,0.9999999935419597,-0.10214252458696678,-0.009455733514181934,0.9999999931071415,-0.0775712217781053,-0.009455701955984445,0.999999992943652,-0.05900548068374002,-0.009455690351689057,0.9999999928830146,-0.04533514691657459,-0.009455686083426982,0.9999999928606118,-0.03540588366855414,-0.009455684513319232,0.999999992852388,-0.028240538094967096,-0.009455683935719408,0.9999999928492764,-0.023082429530861107,-0.009455683723235657,0.9999999928481275,-0.019370036747465593
week_days_pow_9,0.02147415352640416,0.021210009444018775,0.021145096426991895,0.020877875130340513,0.5798910537928351,0.8947057739297144,-0.33696111542971124,0.5798910537928351,0.9123239813921052,-0.24943308528443855,0.6687504237901843,0.7356404457750042,-0.22319448411674317,0.7377361898209163,0.6961543728886437,-0.21445019891863873,0.7961274337973738,0.6878473016898992,-0.21135129643418465,0.8507017911990847,0.6856818677261606,-0.21022677232470566,0.9035855967267794,0.6850068262318475,-0.20981515341680154,0.9516669740076632,0.6847749744082524,-0.20966400605729602,0.9869070830500768,0.684691912471434,-0.2096084397069687,1.0,0.684661657745103,-0.20958800308158138,0.9872290089425949,0.6846505685335276,-0.20958048555626965,0.9540879750569924,0.6846464945731664,-0.20957772010652861,0.9112061795850536,0.6846449965957055,-0.2095767027670244,0.8679072975482423,0.6846444456218121,-0.20957632851044194,0.8294442875224346,0.6846442429436793,-0.20957619082935267,0.7976302665918199,0.6846441683843199,-0.20957614017938814,0.7723527721449369,0.6846441409558564,-0.20957612154629832,0.7527091313721513,0.6846441308653975,-0.20957611469155654,0.7376158674772829,0.6846441271535195,-0.20957611216983912,0.7260721341819009
